D=[
    0.5106    0.7133    0.4844   69.8579;
    0.3739    0.7248    0.5289   69.8613;
    0.0613    0.8990    0.5028   69.8479;
    0.7760    0.4223    0.4542   69.8607;
    0.5009    0.8941    0.1355   69.8487;
    0.8515    0.3955    0.1431   69.8637;
    0.2192    0.5523    0.8366   69.8537;
    0.9270    0.1045    0.4628   69.8529;
    0.6125    0.6687    0.4658   69.8560;
    0.0328    0.7943    0.6733   69.8477;
    0.4882    0.2555    0.8806   69.8542;
    0.1367    0.9229    0.4139   69.8496];